{
 "cells": [
  {
   "cell_type": "markdown",
   "metadata": {},
   "source": [
    "# Supervised Learning Coursework 1 Coding Part"
   ]
  },
  {
   "cell_type": "code",
   "execution_count": 311,
   "metadata": {},
   "outputs": [],
   "source": [
    "import numpy as np\n",
    "import matplotlib.pyplot as plt\n",
    "import pandas as pd\n",
    "from matplotlib.colors import ListedColormap\n",
    "from collections import defaultdict\n",
    "from sklearn.model_selection import train_test_split"
   ]
  },
  {
   "cell_type": "markdown",
   "metadata": {},
   "source": [
    "##### Initialise condition for question a"
   ]
  },
  {
   "cell_type": "code",
   "execution_count": 174,
   "metadata": {},
   "outputs": [],
   "source": [
    "data_x = np.array([1, 2, 3, 4])\n",
    "data_y = np.array([3, 2, 0, 5])"
   ]
  },
  {
   "cell_type": "markdown",
   "metadata": {},
   "source": [
    "### Part 1"
   ]
  },
  {
   "cell_type": "markdown",
   "metadata": {},
   "source": [
    "#### Question 1"
   ]
  },
  {
   "cell_type": "code",
   "execution_count": 175,
   "metadata": {},
   "outputs": [],
   "source": [
    "\n",
    "def extract_features(x, degree):\n",
    "    return np.array([x**i for i in range(degree + 1)]).T\n",
    "\n",
    "def linear_regression(X, y):\n",
    "    return np.linalg.solve(X.T @ X, X.T @ y)"
   ]
  },
  {
   "cell_type": "markdown",
   "metadata": {},
   "source": [
    "##### Question 1a"
   ]
  },
  {
   "cell_type": "code",
   "execution_count": null,
   "metadata": {},
   "outputs": [],
   "source": [
    "plt.figure(figsize=(10, 6))\n",
    "x_plot = np.linspace(0, 5, 500)\n",
    "\n",
    "for degree in range(0, 4):\n",
    "    X = extract_features(data_x, degree)\n",
    "    coeffs = linear_regression(X, data_y).round(2)\n",
    "    X_plot = extract_features(x_plot, degree)\n",
    "    y_plot = X_plot @ coeffs\n",
    "    plt.plot(x_plot, y_plot, label=f'k={degree}')\n",
    "\n",
    "plt.scatter(data_x, data_y, color='red', label='Data Points')\n",
    "plt.xlabel('x')\n",
    "plt.ylabel('y')\n",
    "plt.ylim(-5, 10)\n",
    "plt.title('Polynomial Fits for Different Degrees')\n",
    "plt.legend()\n",
    "plt.grid(True)\n",
    "ax = plt.gca()\n",
    "ax.spines['bottom'].set_position(('data', 0))\n",
    "ax.spines['left'].set_position(('data', 0))\n",
    "ax.spines['top'].set_visible(False)\n",
    "ax.spines['right'].set_visible(False)\n",
    "plt.show()"
   ]
  },
  {
   "cell_type": "markdown",
   "metadata": {},
   "source": [
    "##### Question 1b"
   ]
  },
  {
   "cell_type": "code",
   "execution_count": null,
   "metadata": {},
   "outputs": [],
   "source": [
    "for degree in range(0, 4):\n",
    "    X = extract_features(data_x, degree)\n",
    "    coeffs = linear_regression(X, data_y).round(2)\n",
    "    print(f\"Degree {degree+1} polynomial coefficients: {coeffs}\")"
   ]
  },
  {
   "cell_type": "markdown",
   "metadata": {},
   "source": [
    "##### Question 1c"
   ]
  },
  {
   "cell_type": "code",
   "execution_count": null,
   "metadata": {},
   "outputs": [],
   "source": [
    "for degree in range(0, 4):\n",
    "    X = extract_features(data_x, degree)\n",
    "    coeffs = linear_regression(X, data_y)\n",
    "    coeffs = coeffs.round(2)\n",
    "    y_pred = X @ coeffs\n",
    "    print(y_pred)\n",
    "    mse = np.mean((data_y - y_pred) ** 2)\n",
    "    print(f\"MSE for k={degree}: {mse}\")"
   ]
  },
  {
   "cell_type": "markdown",
   "metadata": {},
   "source": [
    "#### Question 2"
   ]
  },
  {
   "cell_type": "markdown",
   "metadata": {},
   "source": [
    "##### Question 2a i"
   ]
  },
  {
   "cell_type": "code",
   "execution_count": null,
   "metadata": {},
   "outputs": [],
   "source": [
    "def g_sigma(x, sigma):\n",
    "    noise = np.random.normal(0, sigma, size=len(x))\n",
    "    return np.sin(2 * np.pi * x)**2 + noise\n",
    "\n",
    "# 生成数据并绘图\n",
    "np.random.seed(0)\n",
    "x_sample = np.random.uniform(0,1,30)\n",
    "y_sample = g_sigma(x_sample, sigma=0.07)\n",
    "\n",
    "x_plot = np.linspace(0, 1, 500)\n",
    "y_plot = np.sin(2 * np.pi * x_plot)**2\n",
    "\n",
    "plt.figure(figsize=(10, 6))\n",
    "plt.plot(x_plot, y_plot, label='sin^2(2πx)')\n",
    "plt.scatter(x_sample, y_sample, color='red', label='Noisy Data Points')\n",
    "plt.xlabel('x')\n",
    "plt.ylabel('y')\n",
    "plt.title('Function with Noise')\n",
    "plt.legend()\n",
    "plt.grid(True)\n",
    "plt.show()"
   ]
  },
  {
   "cell_type": "markdown",
   "metadata": {},
   "source": [
    "##### Question 2a ii"
   ]
  },
  {
   "cell_type": "code",
   "execution_count": null,
   "metadata": {},
   "outputs": [],
   "source": [
    "degrees = [2, 5, 10, 14, 18]\n",
    "plt.figure(figsize=(10, 6))\n",
    "x_plot = np.linspace(0, 1, 500)\n",
    "for degree in degrees:\n",
    "    X = extract_features(x_sample, degree-1)\n",
    "    coeffs = linear_regression(X, y_sample)\n",
    "    X_plot = extract_features(x_plot, degree-1)\n",
    "    y_plot = X_plot @ coeffs\n",
    "    print(coeffs)\n",
    "    plt.plot(x_plot, y_plot, label=f'k={degree}')\n",
    "\n",
    "\n",
    "plt.scatter(x_sample, y_sample, color='red', label='Data Points')\n",
    "plt.xlabel('x')\n",
    "plt.ylabel('y')\n",
    "plt.title('Polynomial Fits for Different Degrees')\n",
    "plt.legend()\n",
    "plt.grid(True)\n",
    "plt.ylim(-1.5, 1.5)\n",
    "ax = plt.gca()\n",
    "ax.spines['bottom'].set_position(('data', 0))\n",
    "ax.spines['left'].set_position(('data', 0))\n",
    "ax.spines['top'].set_visible(False)\n",
    "ax.spines['right'].set_visible(False)\n",
    "plt.show()\n"
   ]
  },
  {
   "cell_type": "markdown",
   "metadata": {},
   "source": [
    "##### Question 2b"
   ]
  },
  {
   "cell_type": "code",
   "execution_count": null,
   "metadata": {},
   "outputs": [],
   "source": [
    "training_errors = []\n",
    "degrees = [i for i in range(1,19)]\n",
    "for degree in range(0,18):\n",
    "    X = extract_features(x_sample, degree)\n",
    "    coeffs = linear_regression(X, y_sample)\n",
    "    y_pred = X @ coeffs\n",
    "    mse = np.mean((y_sample-y_pred)**2)\n",
    "    training_errors.append(mse)\n",
    "plt.figure(figsize=(10, 6))\n",
    "plt.plot(degrees, np.log(training_errors), marker='o')\n",
    "plt.xlabel('Polynomial Dimension (k)')\n",
    "plt.ylabel('ln(MSE)')\n",
    "plt.title('Log Training Error vs Polynomial Dimension')\n",
    "plt.grid(True)\n",
    "plt.show()\n",
    "print(training_errors)"
   ]
  },
  {
   "cell_type": "markdown",
   "metadata": {},
   "source": [
    "##### Question 2c"
   ]
  },
  {
   "cell_type": "code",
   "execution_count": null,
   "metadata": {},
   "outputs": [],
   "source": [
    "np.random.seed(0)\n",
    "x_test = np.random.uniform(0,1,1000)\n",
    "y_test = g_sigma(x_test, sigma=0.07)\n",
    "\n",
    "testing_errors = []\n",
    "degrees = [i for i in range(1,19)]\n",
    "for degree in range(0,18):\n",
    "    X = extract_features(x_sample, degree)\n",
    "    coeffs = linear_regression(X, y_sample)\n",
    "    X = extract_features(x_test, degree)\n",
    "    y_pred = X @ coeffs\n",
    "    mse = np.mean((y_test-y_pred)**2)\n",
    "    testing_errors.append(mse)\n",
    "for i in testing_errors:\n",
    "    print(i)\n",
    "\n",
    "plt.figure(figsize=(10, 6))\n",
    "plt.plot(degrees, np.log(testing_errors), marker='o')\n",
    "plt.xlabel('Polynomial Dimension (k)')\n",
    "plt.ylabel('ln(MSE)')\n",
    "plt.title('Log Testing Error vs Polynomial Dimension')\n",
    "plt.grid(True)\n",
    "plt.show()\n",
    "\n",
    "\n"
   ]
  },
  {
   "cell_type": "markdown",
   "metadata": {},
   "source": [
    "##### Question 2d"
   ]
  },
  {
   "cell_type": "code",
   "execution_count": null,
   "metadata": {},
   "outputs": [],
   "source": [
    "total_testing_errors = [0 for i in range(18)]\n",
    "for experiment in range(100):\n",
    "    np.random.seed(experiment)\n",
    "    sub_x_sample = np.random.uniform(0,1,30)\n",
    "    sub_y_sample = g_sigma(sub_x_sample, sigma=0.07)\n",
    "    for degree in range(0,18):\n",
    "        X = extract_features(sub_x_sample, degree)\n",
    "        coeffs = linear_regression(X, sub_y_sample)\n",
    "        X = extract_features(x_test, degree)\n",
    "        y_pred = X @ coeffs\n",
    "        mse = np.mean((y_test-y_pred)**2)\n",
    "        testing_errors.append(mse)\n",
    "    total_testing_errors  = [x + y for x, y in zip(total_testing_errors, testing_errors)]\n",
    "average_testing_errors = [x/100 for x in total_testing_errors]\n",
    "plt.figure(figsize=(10, 6))\n",
    "for i in average_testing_errors:\n",
    "    print(i)\n",
    "plt.plot([i for i in range(1,19)], np.log(average_testing_errors), marker='o')\n",
    "plt.xlabel('Polynomial Dimension (k)')\n",
    "plt.ylabel('ln(avg MSE)')\n",
    "plt.title('Log Average Testing Error vs Polynomial Dimension')\n",
    "plt.grid(True)\n",
    "plt.show()"
   ]
  },
  {
   "cell_type": "markdown",
   "metadata": {},
   "source": [
    "#### Question 3\n"
   ]
  },
  {
   "cell_type": "code",
   "execution_count": null,
   "metadata": {},
   "outputs": [],
   "source": [
    "def extract_features_trig(x, degree):\n",
    "    return np.column_stack([np.sin((i + 1) * np.pi * x) for i in range(degree)])\n",
    "np.random.seed(0)\n",
    "\n",
    "\n",
    "x_test = np.random.uniform(0, 1, 1000)\n",
    "y_test = g_sigma(x_test, sigma=0.07)\n",
    "\n",
    "\n",
    "n_experiments = 100 \n",
    "degrees = [i for i in range(1, 19)]  \n",
    "\n",
    "x_sample = np.random.uniform(0, 1, 50)\n",
    "y_sample = g_sigma(x_sample, sigma=0.07)\n",
    "\n",
    "testing_errors = []\n",
    "\n",
    "for degree in degrees:\n",
    "    X_train = extract_features_trig(x_sample, degree)\n",
    "    coeffs = linear_regression(X_train, y_sample)\n",
    "    \n",
    "    X_test = extract_features_trig(x_test, degree)\n",
    "    y_pred = X_test @ coeffs\n",
    "    mse = np.mean((y_test - y_pred) ** 2)\n",
    "    testing_errors.append(mse)\n",
    "\n",
    "plt.figure(figsize=(10, 6))\n",
    "plt.plot(degrees, np.log(testing_errors), marker='o')\n",
    "plt.xlabel('Basis Dimension (k)')\n",
    "plt.ylabel('ln(MSE)')\n",
    "plt.title('Log Testing Error vs Basis Dimension (Trig Basis)')\n",
    "plt.grid(True)\n",
    "plt.show()\n",
    "\n",
    "\n",
    "testing_errors_all = []\n",
    "\n",
    "for experiment in range(n_experiments):\n",
    "   \n",
    "    x_sample = np.random.uniform(0, 1, 50)\n",
    "    y_sample = g_sigma(x_sample, sigma=0.07)\n",
    "  \n",
    "    testing_errors = []\n",
    "    \n",
    "    for degree in degrees:\n",
    "       \n",
    "        X_train = extract_features_trig(x_sample, degree)\n",
    "        coeffs = linear_regression(X_train, y_sample)\n",
    "        \n",
    "        # 提取测试特征并计算误差\n",
    "        X_test = extract_features_trig(x_test, degree)\n",
    "        y_pred = X_test @ coeffs\n",
    "        mse = np.mean((y_test - y_pred) ** 2)\n",
    "        testing_errors.append(mse)\n",
    "    testing_errors_all.append(testing_errors)\n",
    "\n",
    "average_testing_errors = np.mean(testing_errors_all, axis=0)\n",
    "\n",
    "\n",
    "plt.figure(figsize=(10, 6))\n",
    "plt.plot(degrees, np.log(average_testing_errors), marker='o')\n",
    "plt.xlabel('Basis Dimension (k)')\n",
    "plt.ylabel('ln(avg MSE)')\n",
    "plt.title('Log Average Testing Error vs Basis Dimension (Trig Basis)')\n",
    "plt.grid(True)\n",
    "plt.show()"
   ]
  },
  {
   "cell_type": "markdown",
   "metadata": {},
   "source": [
    "### Question 4"
   ]
  },
  {
   "cell_type": "code",
   "execution_count": null,
   "metadata": {},
   "outputs": [],
   "source": [
    "csv_link = \"http://www.cs.ucl.ac.uk/staff/M.Herbster/boston-filter/Boston-filtered.csv\"\n",
    "\n",
    "data = pd.read_csv(csv_link)\n",
    "\n",
    "display(data.head())"
   ]
  },
  {
   "cell_type": "code",
   "execution_count": 232,
   "metadata": {},
   "outputs": [
    {
     "name": "stdout",
     "output_type": "stream",
     "text": [
      "question a\n",
      "Naive method:\n",
      "Train MSE: 84.6018444998195\n",
      "Test MSE: 84.2788554281913\n",
      "\n",
      "question b\n",
      "The naive regression in problem a simply computes the mean of the training set and uses that as the prediction for all test data points.\n",
      "\n",
      "question c\n",
      "Single Attribute 1:\n",
      "Train MSE: 72.08762178623749\n",
      "Test MSE: 71.61097143068454\n",
      "\n",
      "Single Attribute 2:\n",
      "Train MSE: 73.93602481669325\n",
      "Test MSE: 73.0265327079636\n",
      "\n",
      "Single Attribute 3:\n",
      "Train MSE: 65.22876672018484\n",
      "Test MSE: 63.8449481262367\n",
      "\n",
      "Single Attribute 4:\n",
      "Train MSE: 81.92410836988684\n",
      "Test MSE: 82.36703468631644\n",
      "\n",
      "Single Attribute 5:\n",
      "Train MSE: 69.43376331083445\n",
      "Test MSE: 68.37608432850912\n",
      "\n",
      "Single Attribute 6:\n",
      "Train MSE: 43.54941068158482\n",
      "Test MSE: 44.009529481953464\n",
      "\n",
      "Single Attribute 7:\n",
      "Train MSE: 73.30424977593421\n",
      "Test MSE: 70.97672757553008\n",
      "\n",
      "Single Attribute 8:\n",
      "Train MSE: 79.54841523151605\n",
      "Test MSE: 78.65153857570132\n",
      "\n",
      "Single Attribute 9:\n",
      "Train MSE: 72.13428018796387\n",
      "Test MSE: 72.47061177119674\n",
      "\n",
      "Single Attribute 10:\n",
      "Train MSE: 66.11345348612653\n",
      "Test MSE: 65.78517226698246\n",
      "\n",
      "Single Attribute 11:\n",
      "Train MSE: 62.180468747680585\n",
      "Test MSE: 64.19070589358175\n",
      "\n",
      "Single Attribute 12:\n",
      "Train MSE: 38.85933335177982\n",
      "Test MSE: 38.14384610246344\n",
      "\n",
      "question d\n",
      "All Attributes:\n",
      "Train MSE: 25.27532406455383\n",
      "Test MSE: 27.852227189686896\n"
     ]
    }
   ],
   "source": [
    "X = data.iloc[:, :-1]  # All columns except the last\n",
    "y = data.iloc[:, -1] \n",
    "results = {\"method\": [], \"train_mse\": [], \"test_mse\": []}\n",
    "Naive_result = defaultdict(list)\n",
    "Single_result = {f'Single Attribute{i+1}':defaultdict(list)for i in range(X.shape[1])}\n",
    "All_result = defaultdict(list)\n",
    "# Define number of runs\n",
    "num_runs = 20\n",
    "\n",
    "for _ in range(num_runs):\n",
    "    # Split data into training and testing sets (2/3 for training, 1/3 for testing)\n",
    "    X_train, X_test, y_train, y_test = train_test_split(X, y, test_size=1/3, random_state=None)\n",
    "\n",
    "    # (a) Predicting with the mean y-value on the training set\n",
    "    ones_train = np.ones_like(y_train).reshape(-1, 1)\n",
    "    ones_test = np.ones_like(y_test).reshape(-1, 1)\n",
    "\n",
    "    w_naive = linear_regression(ones_train, y_train)\n",
    "\n",
    "    y_train_pred_naive = ones_train@w_naive\n",
    "    y_test_pred_naive = ones_test@w_naive\n",
    "\n",
    "    train_mse_naive = np.mean((y_train - y_train_pred_naive) ** 2)\n",
    "    test_mse_naive = np.mean((y_test - y_test_pred_naive) ** 2)\n",
    "\n",
    "    Naive_result[\"train_mse\"].append(train_mse_naive)\n",
    "    Naive_result[\"test_mse\"].append(test_mse_naive)\n",
    "\n",
    "    # (b) Predicting with a single attribute and a bias term\n",
    "    for i in range(X.shape[1]):\n",
    "        X_single_train = X_train.iloc[:, i].values.reshape(-1, 1)\n",
    "        X_single_test = X_test.iloc[:, i].values.reshape(-1, 1)\n",
    "\n",
    "        X_single_train = X_single_train.reshape(-1)\n",
    "        X_single_train = extract_features(X_single_train, 1)\n",
    "        w_single = linear_regression(X_single_train, y_train)\n",
    "\n",
    "        X_single_test = X_single_test.reshape(-1)\n",
    "        X_single_test = extract_features(X_single_test, 1)\n",
    "\n",
    "        y_train_pred_singhe = X_single_train@w_single\n",
    "        y_test_pred_single = X_single_test@w_single\n",
    "\n",
    "        train_mse_single = np.mean((y_train-y_train_pred_singhe)**2)\n",
    "        test_mse_single = np.mean((y_test-y_test_pred_single)**2)\n",
    "\n",
    "        Single_result[f'Single Attribute{i+1}'][\"train_mse\"].append(train_mse_single)\n",
    "        Single_result[f'Single Attribute{i+1}'][\"test_mse\"].append(test_mse_single)\n",
    "\n",
    "    # (c) Predicting with all attributes\n",
    "    w_all = linear_regression(X_train, y_train)\n",
    "\n",
    "    y_train_pred_all = X_train@w_all\n",
    "    y_test_pred_all = X_test@w_all\n",
    "\n",
    "    train_mse_all = np.mean((y_train-y_train_pred_all)**2)\n",
    "    test_mse_all = np.mean((y_test-y_test_pred_all)**2)\n",
    "\n",
    "    All_result[\"train_mse\"].append(train_mse_all)\n",
    "    All_result[\"test_mse\"].append(test_mse_all)\n",
    "\n",
    "Naive_result[\"train_mse\"] = np.mean(Naive_result[\"train_mse\"])\n",
    "Naive_result[\"test_mse\"] = np.mean(Naive_result[\"test_mse\"])\n",
    "\n",
    "print('question a')\n",
    "print(\"Naive method:\")\n",
    "print(f\"Train MSE: {Naive_result['train_mse']}\")\n",
    "print(f\"Test MSE: {Naive_result['test_mse']}\")\n",
    "print('')\n",
    "print('question b')\n",
    "print('The naive regression in problem a simply computes the mean of the training set and uses that as the prediction for all test data points.')\n",
    "print('')\n",
    "print('question c')\n",
    "for i in range(X.shape[1]):\n",
    "    Single_result[f'Single Attribute{i+1}'][\"train_mse\"] = np.mean(Single_result[f'Single Attribute{i+1}'][\"train_mse\"])\n",
    "    Single_result[f'Single Attribute{i+1}'][\"test_mse\"] = np.mean(Single_result[f'Single Attribute{i+1}'][\"test_mse\"])\n",
    "    print(f\"Single Attribute {i+1}:\")\n",
    "    print(f\"Train MSE: {Single_result[f'Single Attribute{i+1}']['train_mse']}\")\n",
    "    print(f\"Test MSE: {Single_result[f'Single Attribute{i+1}']['test_mse']}\")\n",
    "    print('')\n",
    "print('question d')\n",
    "All_result[\"train_mse\"] = np.mean(All_result[\"train_mse\"])\n",
    "All_result[\"test_mse\"] = np.mean(All_result[\"test_mse\"])\n",
    "print(\"All Attributes:\")\n",
    "print(f\"Train MSE: {All_result['train_mse']}\")\n",
    "print(f\"Test MSE: {All_result['test_mse']}\")"
   ]
  },
  {
   "cell_type": "markdown",
   "metadata": {},
   "source": [
    "### Question 5"
   ]
  },
  {
   "cell_type": "code",
   "execution_count": null,
   "metadata": {},
   "outputs": [],
   "source": [
    "\n",
    "# def gaussian_kernel(x1,x2,sigma):                   # x1,x2为输入空间\n",
    "#     m,n = x1.shape[0], x2.shape[0]           #获取行数\n",
    "#     dist_matrix = np.zeros((m,n), dtype=float)   #全零核矩阵\n",
    "#     for i in range(m):\n",
    "#         for j in range(n):\n",
    "#             dist_matrix[i][j] = np.sum((x1[i]-x2[j])**2)    #向量差的平方和\n",
    "#     return np.exp(-0.5/sigma**2*dist_matrix)\n",
    "\n",
    "# def gaussian_kernel(x1,x2,sigma):\n",
    "#     #calculate gaussian kernel\n",
    "#     n = x1.shape[0]\n",
    "#     m = x2.shape[0]\n",
    "#     K = np.zeros((n,m))\n",
    "#     for i in range(n):\n",
    "#         for j in range(m):\n",
    "#             K[i,j] = np.exp(-np.linalg.norm(x1[i]-x2[j])**2/(2*sigma**2))\n",
    "#     return K\n",
    "def gaussian_kernel(X1,X2,sigma):\n",
    "    X1_sq = np.sum(X1**2, axis=1).reshape(-1, 1)\n",
    "    X2_sq = np.sum(X2**2, axis=1).reshape(1, -1)\n",
    "    dist_sq = X1_sq + X2_sq - 2 * X1@X2.T\n",
    "\n",
    "    # 计算高斯核矩阵\n",
    "    K = np.exp(-dist_sq / (2 * (sigma ** 2)))\n",
    "\n",
    "    return K\n",
    "\n",
    "def kernel_ridge_regression(X_train, y_train, gamma, sigma):\n",
    "    K = gaussian_kernel(X_train, X_train, sigma)\n",
    "    print(K)\n",
    "    w =  np.linalg.pinv(K + gamma * len(K) * np.eye(len(K))) @ y_train\n",
    "    return w\n",
    "\n",
    "def kfold_cross_validation(X, y, k, gamma, sigma):\n",
    "    n_samples = len(X)\n",
    "    fold_size = n_samples // k\n",
    "    indices = np.arange(n_samples)\n",
    "    np.random.shuffle(indices)\n",
    "    errors = []\n",
    "\n",
    "    for i in range(k):\n",
    "        valid_indices = indices[i * fold_size:(i + 1) * fold_size]\n",
    "        train_indices = np.concatenate([indices[:i * fold_size], indices[(i + 1) * fold_size:]])\n",
    "\n",
    "        X_train, X_valid = X[train_indices], X[valid_indices]\n",
    "        y_train, y_valid = y[train_indices], y[valid_indices]\n",
    "\n",
    "        w = kernel_ridge_regression(X_train, y_train, gamma, sigma)\n",
    "        K_valid = gaussian_kernel(X_train, X_valid, sigma)\n",
    "        y_val_pred = K_valid.T @ w\n",
    "        errors.append(np.mean((y_valid - y_val_pred) ** 2))\n",
    "    print(errors)\n",
    "\n",
    "    return np.mean(errors)"
   ]
  },
  {
   "cell_type": "code",
   "execution_count": 333,
   "metadata": {},
   "outputs": [],
   "source": [
    "data_url = \"http://www0.cs.ucl.ac.uk/staff/M.Herbster/boston-filter/Boston-filtered.csv\"\n",
    "data = pd.read_csv(data_url)\n",
    "\n",
    "# 提取特征和目标\n",
    "X = data.iloc[:, :-1].values\n",
    "y = data.iloc[:, -1].values"
   ]
  },
  {
   "cell_type": "code",
   "execution_count": null,
   "metadata": {},
   "outputs": [
    {
     "name": "stdout",
     "output_type": "stream",
     "text": [
      "-40 7\n",
      "0 67\n",
      "[[1.         0.99986767 0.00101195 ... 0.00857924 0.16079195 0.0103211 ]\n",
      " [0.99986767 1.         0.00101347 ... 0.00859606 0.16107995 0.01033846]\n",
      " [0.00101195 0.00101347 1.         ... 0.80347403 0.17743452 0.74716571]\n",
      " ...\n",
      " [0.00857924 0.00859606 0.80347403 ... 1.         0.48394693 0.95617535]\n",
      " [0.16079195 0.16107995 0.17743452 ... 0.48394693 1.         0.49771942]\n",
      " [0.0103211  0.01033846 0.74716571 ... 0.95617535 0.49771942 1.        ]]\n",
      "67 134\n",
      "[[1.         0.67963585 0.01785862 ... 0.91347799 0.56875315 0.91653291]\n",
      " [0.67963585 1.         0.09301917 ... 0.59606004 0.90854786 0.66852217]\n",
      " [0.01785862 0.09301917 1.         ... 0.00836249 0.15663648 0.01011052]\n",
      " ...\n",
      " [0.91347799 0.59606004 0.00836249 ... 1.         0.48394693 0.95617535]\n",
      " [0.56875315 0.90854786 0.15663648 ... 0.48394693 1.         0.49771942]\n",
      " [0.91653291 0.66852217 0.01011052 ... 0.95617535 0.49771942 1.        ]]\n",
      "134 201\n",
      "[[1.         0.67963585 0.01785862 ... 0.91347799 0.56875315 0.91653291]\n",
      " [0.67963585 1.         0.09301917 ... 0.59606004 0.90854786 0.66852217]\n",
      " [0.01785862 0.09301917 1.         ... 0.00836249 0.15663648 0.01011052]\n",
      " ...\n",
      " [0.91347799 0.59606004 0.00836249 ... 1.         0.48394693 0.95617535]\n",
      " [0.56875315 0.90854786 0.15663648 ... 0.48394693 1.         0.49771942]\n",
      " [0.91653291 0.66852217 0.01011052 ... 0.95617535 0.49771942 1.        ]]\n",
      "201 268\n",
      "[[1.         0.67963585 0.01785862 ... 0.91347799 0.56875315 0.91653291]\n",
      " [0.67963585 1.         0.09301917 ... 0.59606004 0.90854786 0.66852217]\n",
      " [0.01785862 0.09301917 1.         ... 0.00836249 0.15663648 0.01011052]\n",
      " ...\n",
      " [0.91347799 0.59606004 0.00836249 ... 1.         0.48394693 0.95617535]\n",
      " [0.56875315 0.90854786 0.15663648 ... 0.48394693 1.         0.49771942]\n",
      " [0.91653291 0.66852217 0.01011052 ... 0.95617535 0.49771942 1.        ]]\n",
      "268 335\n",
      "[[1.         0.67963585 0.01785862 ... 0.975476   0.56875315 0.91653291]\n",
      " [0.67963585 1.         0.09301917 ... 0.560592   0.90854786 0.66852217]\n",
      " [0.01785862 0.09301917 1.         ... 0.00944035 0.15663648 0.01011052]\n",
      " ...\n",
      " [0.975476   0.560592   0.00944035 ... 1.         0.44358871 0.91889689]\n",
      " [0.56875315 0.90854786 0.15663648 ... 0.44358871 1.         0.49771942]\n",
      " [0.91653291 0.66852217 0.01011052 ... 0.91889689 0.49771942 1.        ]]\n",
      "[849.526209526316, 12127.846489734717, 404.20569549251826, 719.6450010291311, 412.51063358870636]\n",
      "-40 7.5\n",
      "0 67\n",
      "[[1.         0.90668163 0.95435629 ... 0.09613452 0.73489163 0.72974207]\n",
      " [0.90668163 1.         0.94946993 ... 0.1565565  0.76201875 0.75640699]\n",
      " [0.95435629 0.94946993 1.         ... 0.08621985 0.66401744 0.65961216]\n",
      " ...\n",
      " [0.09613452 0.1565565  0.08621985 ... 1.         0.34463407 0.34482133]\n",
      " [0.73489163 0.76201875 0.66401744 ... 0.34463407 1.         0.99436267]\n",
      " [0.72974207 0.75640699 0.65961216 ... 0.34482133 0.99436267 1.        ]]\n",
      "67 134\n",
      "[[1.         0.92550596 0.76752981 ... 0.09431127 0.74488947 0.74150161]\n",
      " [0.92550596 1.         0.86475851 ... 0.14384427 0.86787866 0.87425408]\n",
      " [0.76752981 0.86475851 1.         ... 0.34389451 0.99306235 0.99023504]\n",
      " ...\n",
      " [0.09431127 0.14384427 0.34389451 ... 1.         0.34463407 0.34482133]\n",
      " [0.74488947 0.86787866 0.99306235 ... 0.34463407 1.         0.99436267]\n",
      " [0.74150161 0.87425408 0.99023504 ... 0.34482133 0.99436267 1.        ]]\n",
      "134 201\n",
      "[[1.         0.92550596 0.76752981 ... 0.09431127 0.74488947 0.74150161]\n",
      " [0.92550596 1.         0.86475851 ... 0.14384427 0.86787866 0.87425408]\n",
      " [0.76752981 0.86475851 1.         ... 0.34389451 0.99306235 0.99023504]\n",
      " ...\n",
      " [0.09431127 0.14384427 0.34389451 ... 1.         0.34463407 0.34482133]\n",
      " [0.74488947 0.86787866 0.99306235 ... 0.34463407 1.         0.99436267]\n",
      " [0.74150161 0.87425408 0.99023504 ... 0.34482133 0.99436267 1.        ]]\n",
      "201 268\n",
      "[[1.         0.92550596 0.76752981 ... 0.09431127 0.74488947 0.74150161]\n",
      " [0.92550596 1.         0.86475851 ... 0.14384427 0.86787866 0.87425408]\n",
      " [0.76752981 0.86475851 1.         ... 0.34389451 0.99306235 0.99023504]\n",
      " ...\n",
      " [0.09431127 0.14384427 0.34389451 ... 1.         0.34463407 0.34482133]\n",
      " [0.74488947 0.86787866 0.99306235 ... 0.34463407 1.         0.99436267]\n",
      " [0.74150161 0.87425408 0.99023504 ... 0.34482133 0.99436267 1.        ]]\n",
      "268 335\n",
      "[[1.         0.92550596 0.76752981 ... 0.99956947 0.74488947 0.74150161]\n",
      " [0.92550596 1.         0.86475851 ... 0.92549011 0.86787866 0.87425408]\n",
      " [0.76752981 0.86475851 1.         ... 0.77128355 0.99306235 0.99023504]\n",
      " ...\n",
      " [0.99956947 0.92549011 0.77128355 ... 1.         0.74817734 0.7444726 ]\n",
      " [0.74488947 0.86787866 0.99306235 ... 0.74817734 1.         0.99436267]\n",
      " [0.74150161 0.87425408 0.99023504 ... 0.7444726  0.99436267 1.        ]]\n",
      "[247.41560221347646, 322.99292465121164, 134.61803295267478, 25122.398714874613, 560.1169655736317]\n",
      "-40 8.0\n",
      "0 67\n",
      "[[1.         0.92507032 0.99813004 ... 0.92777003 0.90414899 0.84941943]\n",
      " [0.92507032 1.         0.93950763 ... 0.91477164 0.99504629 0.92438744]\n",
      " [0.99813004 0.93950763 1.         ... 0.93175472 0.92230552 0.86097571]\n",
      " ...\n",
      " [0.92777003 0.91477164 0.93175472 ... 1.         0.9105328  0.96743531]\n",
      " [0.90414899 0.99504629 0.92230552 ... 0.9105328  1.         0.9293276 ]\n",
      " [0.84941943 0.92438744 0.86097571 ... 0.96743531 0.9293276  1.        ]]\n",
      "67 134\n",
      "[[1.         0.96437681 0.27820899 ... 0.99139043 0.93585126 0.99124839]\n",
      " [0.96437681 1.         0.28729571 ... 0.94712634 0.97676337 0.95247534]\n",
      " [0.27820899 0.28729571 1.         ... 0.22497581 0.29366247 0.33754588]\n",
      " ...\n",
      " [0.99139043 0.94712634 0.22497581 ... 1.         0.9105328  0.96743531]\n",
      " [0.93585126 0.97676337 0.29366247 ... 0.9105328  1.         0.9293276 ]\n",
      " [0.99124839 0.95247534 0.33754588 ... 0.96743531 0.9293276  1.        ]]\n",
      "134 201\n",
      "[[1.         0.96437681 0.27820899 ... 0.99139043 0.93585126 0.99124839]\n",
      " [0.96437681 1.         0.28729571 ... 0.94712634 0.97676337 0.95247534]\n",
      " [0.27820899 0.28729571 1.         ... 0.22497581 0.29366247 0.33754588]\n",
      " ...\n",
      " [0.99139043 0.94712634 0.22497581 ... 1.         0.9105328  0.96743531]\n",
      " [0.93585126 0.97676337 0.29366247 ... 0.9105328  1.         0.9293276 ]\n",
      " [0.99124839 0.95247534 0.33754588 ... 0.96743531 0.9293276  1.        ]]\n",
      "201 268\n",
      "[[1.         0.96437681 0.27820899 ... 0.99139043 0.93585126 0.99124839]\n",
      " [0.96437681 1.         0.28729571 ... 0.94712634 0.97676337 0.95247534]\n",
      " [0.27820899 0.28729571 1.         ... 0.22497581 0.29366247 0.33754588]\n",
      " ...\n",
      " [0.99139043 0.94712634 0.22497581 ... 1.         0.9105328  0.96743531]\n",
      " [0.93585126 0.97676337 0.29366247 ... 0.9105328  1.         0.9293276 ]\n",
      " [0.99124839 0.95247534 0.33754588 ... 0.96743531 0.9293276  1.        ]]\n",
      "268 335\n",
      "[[1.         0.96437681 0.27820899 ... 0.36636347 0.93585126 0.99124839]\n",
      " [0.96437681 1.         0.28729571 ... 0.37821198 0.97676337 0.95247534]\n",
      " [0.27820899 0.28729571 1.         ... 0.97478289 0.29366247 0.33754588]\n",
      " ...\n",
      " [0.36636347 0.37821198 0.97478289 ... 1.         0.37767135 0.43356986]\n",
      " [0.93585126 0.97676337 0.29366247 ... 0.37767135 1.         0.9293276 ]\n",
      " [0.99124839 0.95247534 0.33754588 ... 0.43356986 0.9293276  1.        ]]\n",
      "[381.58498553294635, 130.30529848892206, 119.59714269179723, 328.29382597751794, 156.47287619584253]\n",
      "-40 8.5\n",
      "0 67\n",
      "[[1.         0.93761554 0.97497478 ... 0.53683837 0.99205338 0.98716146]\n",
      " [0.93761554 1.         0.92604953 ... 0.74475275 0.9709358  0.89758776]\n",
      " [0.97497478 0.92604953 1.         ... 0.5407775  0.96479606 0.96319291]\n",
      " ...\n",
      " [0.53683837 0.74475275 0.5407775  ... 1.         0.60416782 0.4682085 ]\n",
      " [0.99205338 0.9709358  0.96479606 ... 0.60416782 1.         0.97189273]\n",
      " [0.98716146 0.89758776 0.96319291 ... 0.4682085  0.97189273 1.        ]]\n",
      "67 134\n",
      "[[1.         0.95642896 0.94276689 ... 0.62138845 0.96727237 0.93516083]\n",
      " [0.95642896 1.         0.92625832 ... 0.53735526 0.99019347 0.98092386]\n",
      " [0.94276689 0.92625832 1.         ... 0.76673739 0.96181316 0.87602664]\n",
      " ...\n",
      " [0.62138845 0.53735526 0.76673739 ... 1.         0.60416782 0.4682085 ]\n",
      " [0.96727237 0.99019347 0.96181316 ... 0.60416782 1.         0.97189273]\n",
      " [0.93516083 0.98092386 0.87602664 ... 0.4682085  0.97189273 1.        ]]\n",
      "134 201\n",
      "[[1.         0.95642896 0.94276689 ... 0.62138845 0.96727237 0.93516083]\n",
      " [0.95642896 1.         0.92625832 ... 0.53735526 0.99019347 0.98092386]\n",
      " [0.94276689 0.92625832 1.         ... 0.76673739 0.96181316 0.87602664]\n",
      " ...\n",
      " [0.62138845 0.53735526 0.76673739 ... 1.         0.60416782 0.4682085 ]\n",
      " [0.96727237 0.99019347 0.96181316 ... 0.60416782 1.         0.97189273]\n",
      " [0.93516083 0.98092386 0.87602664 ... 0.4682085  0.97189273 1.        ]]\n",
      "201 268\n",
      "[[1.         0.95642896 0.94276689 ... 0.62138845 0.96727237 0.93516083]\n",
      " [0.95642896 1.         0.92625832 ... 0.53735526 0.99019347 0.98092386]\n",
      " [0.94276689 0.92625832 1.         ... 0.76673739 0.96181316 0.87602664]\n",
      " ...\n",
      " [0.62138845 0.53735526 0.76673739 ... 1.         0.60416782 0.4682085 ]\n",
      " [0.96727237 0.99019347 0.96181316 ... 0.60416782 1.         0.97189273]\n",
      " [0.93516083 0.98092386 0.87602664 ... 0.4682085  0.97189273 1.        ]]\n",
      "268 335\n",
      "[[1.         0.95642896 0.94276689 ... 0.62249393 0.96727237 0.93516083]\n",
      " [0.95642896 1.         0.92625832 ... 0.53706026 0.99019347 0.98092386]\n",
      " [0.94276689 0.92625832 1.         ... 0.76665568 0.96181316 0.87602664]\n",
      " ...\n",
      " [0.62249393 0.53706026 0.76665568 ... 1.         0.60440003 0.46894652]\n",
      " [0.96727237 0.99019347 0.96181316 ... 0.60440003 1.         0.97189273]\n",
      " [0.93516083 0.98092386 0.87602664 ... 0.46894652 0.97189273 1.        ]]\n",
      "[76.17879860147211, 30.192015893953926, 61.90233528987769, 51.42903607363888, 63.531735960921054]\n",
      "-40 9.0\n",
      "0 67\n",
      "[[1.         0.99713574 0.96923086 ... 0.99831501 0.99166225 0.75966251]\n",
      " [0.99713574 1.         0.98030208 ... 0.99396211 0.99797618 0.77809529]\n",
      " [0.96923086 0.98030208 1.         ... 0.96222783 0.98244303 0.87510036]\n",
      " ...\n",
      " [0.99831501 0.99396211 0.96222783 ... 1.         0.98841029 0.74862161]\n",
      " [0.99166225 0.99797618 0.98244303 ... 0.98841029 1.         0.78435083]\n",
      " [0.75966251 0.77809529 0.87510036 ... 0.74862161 0.78435083 1.        ]]\n",
      "67 134\n",
      "[[1.         0.70052212 0.99992784 ... 0.74507281 0.78515329 0.99905704]\n",
      " [0.70052212 1.         0.70179266 ... 0.99691248 0.97823161 0.70448493]\n",
      " [0.99992784 0.70179266 1.         ... 0.74620788 0.78508071 0.99944697]\n",
      " ...\n",
      " [0.74507281 0.99691248 0.74620788 ... 1.         0.98841029 0.74862161]\n",
      " [0.78515329 0.97823161 0.78508071 ... 0.98841029 1.         0.78435083]\n",
      " [0.99905704 0.70448493 0.99944697 ... 0.74862161 0.78435083 1.        ]]\n",
      "134 201\n",
      "[[1.         0.70052212 0.99992784 ... 0.74507281 0.78515329 0.99905704]\n",
      " [0.70052212 1.         0.70179266 ... 0.99691248 0.97823161 0.70448493]\n",
      " [0.99992784 0.70179266 1.         ... 0.74620788 0.78508071 0.99944697]\n",
      " ...\n",
      " [0.74507281 0.99691248 0.74620788 ... 1.         0.98841029 0.74862161]\n",
      " [0.78515329 0.97823161 0.78508071 ... 0.98841029 1.         0.78435083]\n",
      " [0.99905704 0.70448493 0.99944697 ... 0.74862161 0.78435083 1.        ]]\n",
      "201 268\n",
      "[[1.         0.70052212 0.99992784 ... 0.74507281 0.78515329 0.99905704]\n",
      " [0.70052212 1.         0.70179266 ... 0.99691248 0.97823161 0.70448493]\n",
      " [0.99992784 0.70179266 1.         ... 0.74620788 0.78508071 0.99944697]\n",
      " ...\n",
      " [0.74507281 0.99691248 0.74620788 ... 1.         0.98841029 0.74862161]\n",
      " [0.78515329 0.97823161 0.78508071 ... 0.98841029 1.         0.78435083]\n",
      " [0.99905704 0.70448493 0.99944697 ... 0.74862161 0.78435083 1.        ]]\n",
      "268 335\n",
      "[[1.         0.70052212 0.99992784 ... 0.99997022 0.78515329 0.99905704]\n",
      " [0.70052212 1.         0.70179266 ... 0.70110387 0.97823161 0.70448493]\n",
      " [0.99992784 0.70179266 1.         ... 0.99995578 0.78508071 0.99944697]\n",
      " ...\n",
      " [0.99997022 0.70110387 0.99995578 ... 1.         0.78522318 0.99924778]\n",
      " [0.78515329 0.97823161 0.78508071 ... 0.78522318 1.         0.78435083]\n",
      " [0.99905704 0.70448493 0.99944697 ... 0.99924778 0.78435083 1.        ]]\n",
      "[279.7274048098205, 16.54377303924213, 25.818168023448163, 24.4624059952229, 38.755640652566484]\n",
      "-40 9.5\n",
      "0 67\n",
      "[[1.         0.99646305 0.99196059 ... 0.99774983 0.99227697 0.84406609]\n",
      " [0.99646305 1.         0.99807041 ... 0.99951316 0.99718658 0.83413147]\n",
      " [0.99196059 0.99807041 1.         ... 0.99745944 0.99960683 0.80313037]\n",
      " ...\n",
      " [0.99774983 0.99951316 0.99745944 ... 1.         0.9972966  0.83174146]\n",
      " [0.99227697 0.99718658 0.99960683 ... 0.9972966  1.         0.79542686]\n",
      " [0.84406609 0.83413147 0.80313037 ... 0.83174146 0.79542686 1.        ]]\n",
      "67 134\n",
      "[[1.         0.88334153 0.98937549 ... 0.9979698  0.99280486 0.85487981]\n",
      " [0.88334153 1.         0.90199899 ... 0.8613196  0.82736953 0.99732032]\n",
      " [0.98937549 0.90199899 1.         ... 0.98825537 0.97720191 0.87731796]\n",
      " ...\n",
      " [0.9979698  0.8613196  0.98825537 ... 1.         0.9972966  0.83174146]\n",
      " [0.99280486 0.82736953 0.97720191 ... 0.9972966  1.         0.79542686]\n",
      " [0.85487981 0.99732032 0.87731796 ... 0.83174146 0.79542686 1.        ]]\n",
      "134 201\n",
      "[[1.         0.88334153 0.98937549 ... 0.9979698  0.99280486 0.85487981]\n",
      " [0.88334153 1.         0.90199899 ... 0.8613196  0.82736953 0.99732032]\n",
      " [0.98937549 0.90199899 1.         ... 0.98825537 0.97720191 0.87731796]\n",
      " ...\n",
      " [0.9979698  0.8613196  0.98825537 ... 1.         0.9972966  0.83174146]\n",
      " [0.99280486 0.82736953 0.97720191 ... 0.9972966  1.         0.79542686]\n",
      " [0.85487981 0.99732032 0.87731796 ... 0.83174146 0.79542686 1.        ]]\n",
      "201 268\n",
      "[[1.         0.88334153 0.98937549 ... 0.9979698  0.99280486 0.85487981]\n",
      " [0.88334153 1.         0.90199899 ... 0.8613196  0.82736953 0.99732032]\n",
      " [0.98937549 0.90199899 1.         ... 0.98825537 0.97720191 0.87731796]\n",
      " ...\n",
      " [0.9979698  0.8613196  0.98825537 ... 1.         0.9972966  0.83174146]\n",
      " [0.99280486 0.82736953 0.97720191 ... 0.9972966  1.         0.79542686]\n",
      " [0.85487981 0.99732032 0.87731796 ... 0.83174146 0.79542686 1.        ]]\n",
      "268 335\n",
      "[[1.         0.88334153 0.98937549 ... 0.99583589 0.99280486 0.85487981]\n",
      " [0.88334153 1.         0.90199899 ... 0.89056787 0.82736953 0.99732032]\n",
      " [0.98937549 0.90199899 1.         ... 0.99785722 0.97720191 0.87731796]\n",
      " ...\n",
      " [0.99583589 0.89056787 0.99785722 ... 1.         0.98774141 0.86407127]\n",
      " [0.99280486 0.82736953 0.97720191 ... 0.98774141 1.         0.79542686]\n",
      " [0.85487981 0.99732032 0.87731796 ... 0.86407127 0.79542686 1.        ]]\n",
      "[12.385512957663101, 9.574228765582363, 18.00957138736465, 87.15318192161666, 23.79782725723025]\n",
      "-40 10.0\n",
      "0 67\n",
      "[[1.         0.93989274 0.94132957 ... 0.99872524 0.93208248 0.99983414]\n",
      " [0.93989274 1.         0.99973112 ... 0.92479679 0.99913082 0.94014558]\n",
      " [0.94132957 0.99973112 1.         ... 0.92627594 0.9983142  0.94128471]\n",
      " ...\n",
      " [0.99872524 0.92479679 0.92627594 ... 1.         0.91659769 0.99873747]\n",
      " [0.93208248 0.99913082 0.9983142  ... 0.91659769 1.         0.93288575]\n",
      " [0.99983414 0.94014558 0.94128471 ... 0.99873747 0.93288575 1.        ]]\n",
      "67 134\n",
      "[[1.         0.99035867 0.99123541 ... 0.95570195 0.99200569 0.96722599]\n",
      " [0.99035867 1.         0.99981213 ... 0.91350062 0.99960456 0.93006387]\n",
      " [0.99123541 0.99981213 1.         ... 0.9149777  0.9993375  0.93128042]\n",
      " ...\n",
      " [0.95570195 0.91350062 0.9149777  ... 1.         0.91659769 0.99873747]\n",
      " [0.99200569 0.99960456 0.9993375  ... 0.91659769 1.         0.93288575]\n",
      " [0.96722599 0.93006387 0.93128042 ... 0.99873747 0.93288575 1.        ]]\n",
      "134 201\n",
      "[[1.         0.99035867 0.99123541 ... 0.95570195 0.99200569 0.96722599]\n",
      " [0.99035867 1.         0.99981213 ... 0.91350062 0.99960456 0.93006387]\n",
      " [0.99123541 0.99981213 1.         ... 0.9149777  0.9993375  0.93128042]\n",
